0 69739000
1 66797000
2 65361000
3 63959000
4 64078000
5 63591000
6 64097000
7 64609000
8 63984000
9 64199000
10 63489000
11 64102000
12 64029000
13 64114000
14 63975000
15 63511000
16 63957000
17 64111000
18 64000000
19 63974000
20 63514000
21 64669000
22 63723000
23 65030000
24 64642000
25 63510000
26 64485000
27 64246000
28 64544000
29 64838000
30 64483000
31 63597000
32 64454000
33 64485000
34 64416000
35 65608000
36 63569000
37 64580000
38 64559000
39 64467000
40 64615000
41 64454000
42 63647000
43 64331000
44 64749000
45 64503000
46 64552000
47 63551000
48 64475000
49 64813000
50 64163000
51 64538000
52 64576000
53 63608000
54 64453000
55 64664000
56 64522000
57 64489000
58 63573000
59 64387000
60 64494000
61 64500000
62 64510000
63 63580000
64 64674000
65 64663000
66 64499000
67 64608000
68 63467000
69 64548000
70 64616000
71 64574000
72 64566000
73 68248000
74 64582000
75 63613000
76 64500000
77 64559000
78 64896000
79 64470000
80 63574000
81 64424000
82 64584000
83 64526000
84 64519000
85 63549000
86 64611000
87 68682000
88 64542000
89 64487000
90 64477000
91 63526000
92 64555000
93 64526000
94 64512000
95 64442000
96 64600000
97 63544000
98 64510000
99 64549000
