0 955100
1 1816300
2 2504300
3 3249200
4 3899400
5 4533400
6 5185600
7 5818800
8 6462000
9 7133100
10 6811700
11 6601200
12 6563600
13 6453700
14 6451900
15 6473400
16 6457300
17 6481100
18 6484100
19 6445300
20 6463100
21 6446200
22 6442000
23 6459800
24 6442500
25 6427100
26 6443900
27 6552900
28 6562200
29 6588500
30 6568600
31 6580300
32 6581500
33 6560900
34 6590100
35 6601300
36 6583500
37 6463700
38 6459100
39 6432000
40 6451400
41 6444700
42 6445600
43 6462100
44 6434600
45 6428800
46 6443600
47 6428700
48 6427000
49 6437600
50 6417200
51 6424800
52 6424900
53 6407700
54 6421400
55 6410800
56 6414400
57 6434300
58 6477700
59 6492900
60 6514300
61 6502100
62 6504500
63 6524800
64 6509300
65 6514000
66 6508400
67 6489100
68 6435700
69 6420000
70 6407200
71 6419900
72 6402200
73 6398000
74 6413900
75 6405700
76 6400700
77 6414100
78 6405700
79 6406900
80 6412600
81 6394800
82 6409800
83 6393500
84 6385900
85 6403000
86 6390900
87 6389400
88 6417600
89 6406900
90 6414900
91 6437500
92 6419900
93 6435500
94 6427500
95 6426900
96 6440500
97 6428400
98 6416300
99 6430500
100 6409500
101 6403100
102 6416300
103 6400800
104 6421400
105 6418600
106 6410900
107 6425700
108 6409600
109 6401500
110 6418600
111 6403100
112 6398400
113 6415600
114 6394300
115 6389200
116 6397200
117 6385700
118 6401700
119 6395300
120 6397600
121 6421600
122 6414200
123 6407000
124 6421400
125 6412900
126 6414100
127 6424900
128 6409700
129 6421600
130 6409900
131 6390300
132 6406200
133 6396800
134 6395500
135 6416400
136 6400200
137 6392500
138 6408700
139 6396600
140 6396300
141 6405400
142 6388700
143 6398000
144 6384600
145 6376100
146 6394500
147 6388000
148 6384000
149 6396700
150 6388600
151 6388900
152 6421600
153 6412600
154 6423100
155 6423200
156 6411000
157 6423400
158 6409700
159 6401600
160 6421600
161 6409700
162 6396600
163 6409700
164 6399800
165 6396400
166 6413300
167 6400600
168 6413200
169 6407900
170 6402200
171 6417800
172 6412700
173 6415600
174 6424300
175 6413400
176 6403300
177 6420500
178 6409600
179 6417600
180 6421000
181 6405300
182 6403800
183 6389100
184 6399900
185 6416900
186 6404000
187 6403600
188 6420000
189 6412400
190 6400900
191 6417900
192 6406200
193 6411100
194 6401700
195 6389400
196 6401300
197 6384300
198 6381000
199 6401600
200 6403300
201 6395500
202 6406200
203 6398100
204 6403000
205 6411100
206 6400500
207 6412300
208 6398000
209 6384000
210 6390700
211 6381100
212 6385900
213 6400500
214 6451400
215 6461500
216 6483800
217 6473300
218 6481800
219 6490700
220 6483000
221 6490100
222 6469900
223 6472000
224 6421400
225 6409700
226 6401700
227 6417700
228 6422700
229 6409400
230 6416700
231 6412700
232 6436300
233 6437700
234 6426500
235 6430200
236 6430100
237 6412500
238 6416200
239 6424400
240 6407200
241 6423400
242 6421700
243 6407600
244 6417300
245 6409400
246 6416300
247 6434300
248 6423500
249 6429600
250 6453100
251 6435000
252 6427700
253 6441900
254 6429600
255 6440100
256 6435500
257 6426700
258 6432900
259 6415900
260 6415600
261 6422900
262 6406600
263 6406100
264 6427300
265 6411500
266 6411400
267 6417400
268 6403800
269 6415600
270 6396000
271 6401700
272 6426300
273 6412500
274 6403600
275 6424600
276 6408300
277 6414400
278 6434000
279 6423100
280 6443800
281 6449900
282 6428000
283 6439700
284 6429000
285 6422200
286 6439600
287 6422500
288 6419800
289 6438900
290 6417300
291 6407800
292 6421500
293 6409000
294 6419200
295 6406900
296 6401600
297 6416900
298 6402000
299 6396600
300 6415400
301 6403500
302 6407400
303 6427300
304 6414400
305 6422700
306 6424500
307 6416200
308 6436500
309 6435900
310 6425800
311 6444600
312 6438100
313 6428100
314 6443100
315 6433600
316 6437900
317 6439600
318 6420400
319 6426800
320 6434100
321 6416300
322 6431000
323 6434100
324 6420600
325 6436600
326 6420500
327 6437500
328 6456300
329 6437500
330 6435000
331 6455100
332 6434700
333 6431600
334 6450200
335 6432200
336 6441400
337 6414400
338 6413300
339 6437400
340 6427200
341 6423700
342 6433800
343 6429300
344 6424400
345 6446400
346 6435900
347 6441000
348 6435600
349 6408400
350 6422200
351 6409000
352 6410800
353 6424500
354 6411400
355 6402600
356 6422700
357 6414800
358 6412400
359 6435200
360 6418300
361 6422200
362 6416100
363 6403300
364 6418700
365 6408100
366 6398700
367 6415600
368 6409000
369 6408400
370 6485900
371 6483900
372 6498200
373 6508200
374 6494800
375 6516600
376 6522600
377 6510800
378 6518300
379 6515400
380 6439600
381 6450100
382 6431000
383 6427300
384 6450400
385 6430800
386 6424000
387 6446300
388 6433800
389 6425500
390 6437400
391 6421600
392 6430700
393 6428500
394 6403300
395 6411000
396 6400800
397 6390700
398 6403400
399 6391300
400 6396900
401 6416500
402 6404800
403 6407300
404 6417000
405 6405500
406 6424300
407 6411200
408 6406100
409 6424900
410 6406100
411 6398100
412 6413800
413 6399200
414 6401500
415 6415900
416 6396200
417 6401000
418 6389600
419 6388600
420 6400600
421 6388600
422 6387800
423 6401800
424 6386200
425 6386000
426 6397300
427 6387400
428 6406000
429 6391900
430 6394100
431 6406900
432 6395900
433 6400800
434 6418500
435 6404500
436 6405500
437 6423100
438 6408700
439 6424800
440 6424600
441 6411800
442 6418600
443 6399300
444 6400600
445 6417400
446 6405400
447 6402400
448 6417800
449 6401600
450 6400900
451 6414100
452 6399500
453 6411800
454 6394200
455 6393900
456 6412000
457 6399000
458 6392600
459 6410300
460 6396600
461 6391900
462 6417400
463 6407700
464 6419700
465 6426400
466 6409100
467 6418800
468 6426800
469 6407600
470 6420000
471 6412100
472 6402000
473 6410100
474 6398200
475 6385000
476 6402000
477 6399800
478 6393500
479 6406200
480 6392600
481 6403300
482 6400200
483 6395900
484 6418100
485 6405500
486 6394200
487 6406300
488 6395400
489 6390300
490 6409300
491 6398400
492 6394700
493 6401500
494 6550000
495 6552900
496 6562300
497 6543900
498 6546500
499 6542000
500 6523200
501 6552500
502 6551100
503 6573900
504 6455700
505 6457700
506 6453500
507 6483600
508 6482400
509 6492900
510 6511000
511 6554000
512 6570900
513 6561500
514 6513700
515 6529500
516 6529700
517 6498900
518 6512900
519 6503600
520 6496600
521 6448400
522 6428500
523 6415100
524 6434900
525 6481800
526 6485500
527 6506300
528 6495000
529 6499400
530 6510100
531 6489900
532 6497300
533 6502700
534 6490900
535 6437900
536 6472500
537 6476900
538 6490900
539 6483700
540 6487300
541 6492900
542 6482500
543 6481100
544 6478900
545 6464700
546 6428200
547 6417700
548 6431000
549 6439500
550 6413900
551 6420000
552 6438000
553 6420600
554 6426100
555 6448200
556 6446600
557 6445300
558 6437200
559 6430800
560 6457800
561 6460700
562 6450100
563 6464800
564 6448400
565 6441300
566 6443200
567 6429100
568 6417900
569 6431200
570 6406500
571 6402700
572 6412700
573 6402300
574 6417500
575 6404800
576 6403900
577 6416500
578 6403400
579 6403600
580 6418000
581 6402700
582 6408100
583 6424400
584 6409500
585 6420100
586 6427500
587 6426900
588 6463600
589 6445700
590 6448400
591 6459800
592 6437100
593 6432800
594 6439700
595 6426600
596 6420500
597 6426800
598 6391100
599 6405700
600 6388400
601 6397700
602 6413600
603 6397100
604 6402300
605 6422200
606 6407400
607 6398300
608 6416500
609 6402800
610 6408100
611 6396300
612 6389000
613 6399900
614 6392600
615 6390100
616 6409900
617 6399200
618 6398100
619 6417100
620 6408200
621 6407800
622 6410300
623 6399800
624 6412300
625 6396700
626 6389600
627 6404900
628 6387300
629 6381600
630 6402100
631 6393900
632 6401600
633 6419100
634 6401400
635 6414200
636 6415300
637 6408100
638 6441400
639 6429200
640 6427000
641 6438400
642 6419700
643 6417400
644 6429100
645 6418300
646 6425600
647 6441000
648 6412300
649 6435200
650 6420800
651 6426500
652 6446200
653 6438900
654 6446600
655 6454300
656 6431800
657 6423500
658 6434000
659 6410400
660 6421200
661 6420900
662 6410600
663 6421600
664 6402900
665 6412000
666 6434100
667 6420400
668 6419300
669 6431000
670 6418600
671 6421200
672 6424300
673 6404000
674 6413700
675 6394200
676 6389800
677 6399600
678 6392900
679 6400200
680 6484200
681 6471300
682 6486800
683 6502000
684 6494400
685 6514600
686 6511900
687 6502700
688 6510900
689 6512600
690 6431100
691 6438800
692 6417500
693 6422400
694 6436700
695 6454400
696 6441100
697 6454100
698 6454900
699 6437600
700 6446500
701 6452700
702 6446500
703 6435700
704 6420400
705 6399900
706 6416600
707 6405100
708 6439900
709 6452800
710 6443100
711 6442400
712 6467500
713 6462400
714 6479700
715 6473600
716 6459200
717 6477500
718 6440500
719 6422700
720 6437600
721 6421900
722 6410700
723 6424900
724 6407200
725 6416200
726 6434400
727 6417600
728 6416400
729 6436700
730 6421000
731 6430300
732 6418300
733 6414800
734 6433700
735 6416300
736 6411400
737 6423500
738 6411000
739 6404200
740 6425300
741 6417100
742 6436100
743 6445900
744 6429800
745 6443800
746 6431400
747 6432400
748 6443100
749 6430600
750 6421400
751 6428900
752 6404300
753 6394900
754 6405300
755 6388300
756 6398600
757 6401900
758 6394900
759 6407600
760 6394000
761 6393100
762 6409700
763 6396400
764 6398700
765 6414700
766 6401800
767 6393600
768 6403500
769 6392800
770 6407800
771 6396200
772 6397200
773 6417800
774 6410900
775 6412500
776 6429000
777 6416700
778 6415400
779 6426500
780 6411900
781 6425500
782 6432700
783 6409000
784 6410700
785 6394000
786 6388400
787 6402300
788 6390500
789 6404600
790 6419100
791 6404800
792 6397200
793 6412300
794 6417000
795 6437300
796 6426300
797 6420800
798 6471600
799 6573700
800 6560100
801 6583400
802 6585300
803 6592400
804 6595800
805 6578500
806 6593200
807 6597400
808 6545400
809 6438300
810 6451600
811 6428600
812 6427200
813 6406500
814 6397200
815 6411200
816 6395800
817 6393900
818 6413200
819 6392400
820 6393000
821 6417000
822 6407300
823 6422300
824 6414400
825 6410900
826 6420200
827 6408000
828 6407000
829 6420800
830 6408200
831 6401600
832 6414400
833 6399900
834 6411800
835 6473700
836 6479200
837 6508400
838 6495900
839 6505300
840 6516700
841 6498800
842 6497800
843 6520600
844 6508700
845 6441900
846 6440300
847 6424600
848 6439500
849 6432500
850 6420000
851 6434100
852 6420500
853 6417300
854 6439800
855 6434400
856 6434700
857 6440200
858 6421300
859 6422100
860 6436900
861 6422900
862 6437700
863 6435900
864 6410600
865 6420700
866 6411700
867 6449500
868 6462500
869 6453500
870 6454200
871 6479300
872 6462800
873 6454500
874 6470900
875 6457800
876 6465400
877 6422200
878 6406800
879 6412800
880 6398400
881 6387600
882 6401400
883 6394100
884 6390300
885 6406100
886 6393600
887 6394500
888 6414300
889 6398900
890 6407300
891 6393700
892 6393300
893 6409500
894 6397200
895 6391600
896 6411300
897 6399200
898 6405900
899 6426300
900 6416000
901 6426600
902 6425600
903 6407500
904 6424800
905 6420200
906 6409200
907 6423600
908 6398300
909 6391500
910 6401300
911 6390400
912 6405600
913 6419500
914 6401800
915 6407600
916 6395500
917 6399000
918 6410700
919 6396400
920 6401900
921 6420400
922 6391500
923 6390900
924 6403600
925 6392300
926 6409800
927 6406100
928 6412400
929 6416600
930 6418000
931 6402800
932 6422200
933 6433200
934 6421700
935 6433600
936 6432300
937 6417800
938 6414000
939 6424600
940 6408800
941 6420500
942 6402300
943 6390300
944 6411000
945 6400000
946 6399700
947 6412800
948 6398100
949 6413200
950 6426100
951 6411000
952 6425400
953 6429900
954 6407700
955 6410800
956 6401000
957 6446300
958 6460500
959 6432600
960 6442800
961 6461200
962 6446600
963 6438800
964 6454600
965 6450900
966 6462100
967 6415400
968 6400600
969 6413200
970 6391700
971 6397200
972 6422300
973 6419100
974 6420900
975 6443200
976 6430200
977 6428200
978 6446000
979 6446100
980 6460400
981 6435600
982 6425900
983 6433400
984 6416400
985 6406300
986 6419200
987 6405100
988 6404100
989 6409000
990 6392600
991 6468400
992 6469900
993 6466300
994 6522600
995 6540000
996 6525600
997 6543200
998 6527800
999 6519500
